41
0 2
0 3
0 13
0 15
0 25
1 9
1 11
1 12
1 14
1 26
2 3
2 13
2 15
2 25
2 27
2 38
2 39
3 13
3 15
3 25
4 6
4 18
4 21
4 23
4 29
4 31
5 8
5 17
5 18
5 19
5 23
5 28
5 36
6 18
6 21
6 23
6 29
6 31
7 16
7 20
7 22
7 38
8 17
8 18
8 19
8 23
8 28
8 36
9 11
9 12
9 14
9 26
10 32
10 34
10 37
11 12
11 14
11 26
12 14
12 26
13 15
13 25
14 26
15 25
16 20
16 22
16 38
17 18
17 19
17 21
17 23
17 28
17 33
17 35
17 36
18 19
18 21
18 23
18 28
18 29
18 31
18 36
19 23
19 28
19 36
20 22
20 38
21 23
21 28
21 29
21 31
21 33
21 35
22 38
23 28
23 29
23 31
23 33
23 35
23 36
24 30
24 32
24 34
25 27
25 38
25 39
27 38
27 39
28 33
28 35
28 36
29 31
30 32
30 34
32 34
32 37
33 35
34 37
38 39
